200
0.02921
16.72586
3.73072
12.74985
3.57069
[0.02921, 1.31357]
1.56018
2.12325
[ 3.41220711  1.9878816   2.61237425  0.08906972  0.75615593  4.84998349
  2.04359255  0.45138975  0.78946596  0.25849856  1.0711125   8.61909941
  0.58568074  5.62230572  3.08062807  1.1795754   0.10735089  8.20999556
  7.05818079  3.54309491 10.80931776  3.25827871  0.02921448  1.81623349
  1.7754687   2.25089447  2.00748229  3.80281899  3.82427377  2.99096438
 13.3847329   3.70071419  3.40058015  1.85296387  1.94323912  3.15096067
  1.04865471  1.54203679  2.82488852  8.11439079  2.40647649  1.19163353
  3.53466103  2.98017834  5.78675077 16.72585571 15.05652957  6.87906935
  2.60696919  0.85160739  2.09613241  1.73722525  3.31932926  1.60196052
  8.7361066   1.70444863  4.7453384   6.5560167   1.55889377  4.07184054
  0.95093807  0.37704292  5.73387021  5.59971406  2.45345876  2.5954034
  4.43497877 13.02305109  0.75516688  1.58823522  0.07165958  3.87100947
  4.69062482 14.29927082  7.38897402  1.94337133  2.23361288  4.26130275
  0.6646558   3.32964766  1.41840139  6.32597377  3.99751511  0.96499989
  2.76780834  2.52248872  0.47408296  1.40118669  0.336766    3.49496765
  7.65960327  2.18871507  0.18260797  2.17108141  1.08226415  3.73768948
  0.51929956  1.72812309  2.81223398  3.46137573  5.73819092  0.07821294
  3.90814324  1.50834283  0.63430565  4.85494191  0.87867828  7.54873949
  0.32882496  2.22983907  1.71486114  6.91710306  1.3782208   4.91719621
  3.81437535  0.1698506   0.19578479  1.14388234  4.91896931  1.11588695
  0.044947    2.6034634   0.6766213  11.28742912  1.19144155  3.16296958
  0.11768472  7.82682332  1.1916859   3.89101447  1.09391957  2.22519684
  2.27578206  6.42112459  4.31002398  9.53577681  1.63702409  5.21794091
  1.01375021 15.12529161  1.74207026  6.40747381 13.93044714  7.19387845
  0.5154889   4.59447013  0.72217755  2.70990756  3.554058    2.68081702
  1.86195728  2.46541746  6.91891457  6.53458971  4.02706755  9.07900218
  4.50021961  9.45486156 12.9624955   7.78378829  3.30035027  0.42958879
  4.01490616  5.26747602 11.76021542  0.95114512  0.33643799  1.32847637
 11.37276161  0.26609638  1.22038028  1.28082361  3.10318358  0.88873613
  2.85363686  0.33737471 15.87139204  0.2010984   3.26160264  0.64807955
 12.31738972  8.40640834  1.36402148  1.45724388 11.45695654  2.70275074
  0.99299335  5.39370109  2.00317592  6.16877044  1.51611827  2.71737397
  0.06641742  6.74956734  2.67924095  6.10240762  0.46417916  2.71778031
  0.2673461   3.90688349]
